#BVGraph properties
#Wed Aug 21 16:59:41 CEST 2024
arcs=165206104
avgbitsforblocks=14.511
avgbitsforintervals=2.705
avgbitsforoutdegrees=7.785
avgbitsforreferences=2.854
avgbitsforresiduals=309.989
avgdist=1.859
avgref=1.315
bitsforblocks=96128006
bitsforintervals=17920611
bitsforoutdegrees=51567430
bitsforreferences=18908136
bitsforresiduals=2053454460
bitsperlink=13.547
bitspernode=337.845
compratio=0.696
compressionflags=
copiedarcs=26492898
graphclass=it.unimi.dsi.webgraph.BVGraph
intervalisedarcs=3571891
maxrefcount=3
minintervallength=4
nodes=6624274
residualarcs=135141315
residualavggap=371653.311
residualavgloggap=10.25602424107603
residualexpstats=7313999,6896054,6708408,7065805,7455762,7953641,8061782,8167884,7955339,7172058,6221861,5018085,3959451,3440715,3378497,4083494,5038912,6069251,6596840,6083564,4785212,2833324,1891795,987831
successoravggap=334015.605
successoravgloggap=9.474574893456433
successorexpstats=16464768,10439009,8882100,8741421,8865682,9249945,9367695,9399343,9037820,8127360,7025878,5583916,4395652,3779544,3658343,4412282,5490977,6620801,7287640,6746176,5335722,3168330,2054249,1070003
version=0
windowsize=7
zetak=3
